$ANSIBLE_VAULT;1.1;AES256
30613436393061633533616230636262326235323863343733626563333235396632383132636139
6636333834353631366164396264396537373566373362640a316533323065306635373964666638
38653132393464303762306234353235373366623637646335346331653531386164363063303139
3737326434363830330a313639366361386139363765633834353665613433633637343230366634
34373030316635363861663862653662363739383239656536616539613536326466343735623931
38323632373031653939373335373165303838383337353132666163366566616634393663316639
36326139663930303135646164626331363562623234613539646637356262323133346639353563
38326364333830653665333430313963373638643964656538613463343538353961393665643432
35313364663438336232343639383434333766663962633438643235353534376161336261303463
62653962326163373935393730353962383632353566626265373036313834383433383032343335
61646538386365643338383339353162653536303231666561303434303433666662663863393833
30386439353664366330336266386366333435396337346530333961323632353530366561363264
64633030636263386464316365633930343833346461363736333663303035353661626636386565
33356663353934313164333132663864396633306664636230646164336135313762366430353965
33633630353931343463663334346161356166613161376362356361666339666463663030323066
39376264396462346363
